0 0.48401675353942214 0.41960531735137535 0.33341199361469137 0.41720998448322116 0.3295960991513208 0.6571314906732562 0.4802008590760516 0.6595268235414103
0 0.34690992695718176 0.4177949194653725 0.19789186037839002 0.39646404780412364 0.16070050450090495 0.6562839011284924 0.3097185710796967 0.6776147727897412
0 0.23622884071889183 0.43144451766046976 0.10619547443442152 0.37585265248090777 -0.010280922110067953 0.6482993114739771 0.11975244417440237 0.7038911766535392
0 0.34924245521168346 0.6840694467939736 0.16728287119031932 0.6312993920433956 0.06150474296020253 0.9960392867106405 0.24346432698156667 1.0488093414612185
0 0.481957438163951 0.6726310070564346 0.28704935604548776 0.6696384066362203 0.28200000000000014 0.9985029941406253 0.47690808211846336 1.0014955945608395
0 0.6953296780841591 0.995472271456165 0.6902149510464695 0.6708916657507455 0.49588576946540286 0.6739538965241604 0.5010004965030925 0.9985345022295798
0 0.6479999999999999 0.6571856289062501 0.6448788407004636 0.4157785976813624 0.4959230949614897 0.41770445132644307 0.49904425426102594 0.6591114825513308
0 0.6119999999999999 0.40419161718749996 0.6079239570798649 0.25317056492668943 0.49392619120781545 0.25624735309322605 0.4980022341279504 0.4072684053540366
0 0.48 0.25299401171875013 0.365 0.2529940117187501 0.365 0.40568862304687503 0.48 0.4056886230468751
0 0.371972867271019 0.2546534864086831 0.2605795163477023 0.2360507972283788 0.23254167236759093 0.40394208237206025 0.34393502329090764 0.4225447715523646
0 0.8140000000000001 0.655688623046875 0.7718917529456658 0.39934101133754646 0.6275407448935962 0.4230524392266854 0.6696489919479305 0.6794000509360139
0 0.26439783556116037 0.25629389451646345 0.1604894390935786 0.22158849277375864 0.09995162112835089 0.40283945874868615 0.20386001759593264 0.43754486049139096
0 0.9140000000000001 0.9940119765625 0.8514139795332917 0.6450105894106617 0.6661048497594309 0.6782418641724693 0.7286908702261392 1.0272432513243077
0 0.7419999999999999 0.405688623046875 0.7104199338565709 0.22840531741630854 0.5999260682276761 0.24808795799316624 0.6315061343711051 0.4253712636237327
0 0.982 0.6571856289062501 0.8947246481367768 0.37983723152051596 0.7604881001063839 0.4220784778110547 0.8477634519696071 0.6994268751967888
0 0.8741889451901425 0.40646426931607393 0.8144063091864069 0.22505555815930584 0.7116341368676508 0.2589237849377648 0.7714167728713863 0.44033249609453295