0 0.4846694509738079 0.34000146910678314 0.2542871684016118 0.14430039036265957 0.10932064304902622 0.3149571860308933 0.3397029256212224 0.5106582647750169
0 0.3088170131291028 0.4379294310722101 0.08484375000000005 0.31265625 0.02346519420131296 0.42239366794310723 0.24743845733041572 0.5476668490153173
0 0.2018471030042919 0.49676716738197424 0.009606223175965684 0.42095386266094426 -0.020699570815450596 0.4978006974248928 0.17154130901287562 0.5736140021459228
0 0.3434762459481362 0.5670145360615884 0.15622518233387364 0.49262712722852514 0.13033757090761752 0.5577924939222043 0.31758863452188 0.6321799027552676
0 0.46436041079524565 0.5179904806396276 0.2559610877956133 0.41507723471388314 0.2090688564514153 0.5100340031858841 0.41746817945104764 0.6129472491116285
0 0.6587393864036053 0.44227938145746326 0.40567913277643447 0.2989802016926797 0.3249285557265333 0.44158228456803694 0.5779888093537041 0.5848814643328205
0 0.4776220034246575 0.6239190924657536 0.3113976883561644 0.5483625856164385 0.2826091609589041 0.611697345890411 0.4488334760273972 0.6872538527397261
0 0.609375 0.596875 0.5801376249804718 0.5079933799406343 0.38126244922668334 0.5734128456491174 0.41049982424621156 0.6622944657084832
0 0.80421875 0.5532812499999998 0.7671874999999999 0.44218749999999996 0.51734375 0.5254687500000002 0.5543750000000001 0.6365625
0 0.56875 0.678125 0.5548718398876404 0.6179863061797752 0.3890625 0.6562499999999999 0.4029406601123595 0.7163886938202246
0 0.7062499999999999 0.6531249999999998 0.6866182572614108 0.5795059647302903 0.4958117219917012 0.6303877074688794 0.5154434647302905 0.704006742738589
0 0.8831613305869844 0.626970892816463 0.8700932350596096 0.5531361530867948 0.6352754337838863 0.5946968258789582 0.6483435293112612 0.6685315656086264
0 0.6546875 0.7156250000000001 0.6475710094808828 0.6713446145477153 0.4933784387628226 0.6961255634131178 0.5004949292819398 0.7404059488654026
0 0.7897826853344078 0.7051067687348912 0.782320457292506 0.6521927880741337 0.5975732775987107 0.6782468775181305 0.6050355056406124 0.731160858178888
0 1.002899205202312 0.7227510838150288 0.9865335982658959 0.6163746387283235 0.7350343208092487 0.6550668352601154 0.7513999277456648 0.7614432803468206