0 0.5533446311648538 0.3360267715703877 0.5043086321153237 0.2767090307846658 0.3299320479987327 0.42086034032104763 0.37896804704826276 0.4801780811067695
0 0.6883600825785829 0.33033131326584986 0.6163319126265318 0.2593470298348429 0.44610548748002127 0.43207678476291955 0.5181336574320724 0.5030610681939266
0 0.8384333053691277 0.3276845637583895 0.7244442114093965 0.2478921979865773 0.5887164429530201 0.44178901006711413 0.7027055369127513 0.5215813758389263
0 0.3671013565046851 0.2628483193506211 0.34960707670516455 0.2338577985399869 0.2154370505556766 0.31482246949226406 0.2329313303551972 0.34381299030289825
0 0.4432423842502905 0.25308050416505234 0.4212635606354126 0.22145244091437427 0.28124999999999994 0.3187499999999999 0.30322882361487785 0.350378063250678
0 0.5330868685764268 0.24763045320358634 0.5026350317078504 0.20920313525038275 0.36995031981193965 0.3143495107150667 0.4004021566805161 0.3527768286682703
0 0.6355087593225607 0.2445186256991922 0.5938830407085147 0.19614279055313866 0.4620134788688627 0.3096119484151647 0.5036391974829086 0.3579877835612183
0 0.7563924890693315 0.23805043722673325 0.7017923368207369 0.18065027717051846 0.566924968769519 0.30893874921923803 0.6215251210181136 0.3663389092754529
0 0.8846620407348242 0.305613518370607 0.88125 0.2203125 0.6922399161341852 0.22787290335463256 0.6956519568690096 0.31317392172523956
0 0.43552314368370304 0.3419494334619094 0.3987644648023144 0.2916480834136934 0.22799843297974925 0.41643864513018325 0.2647571118611379 0.46673999517839926
0 0.337637688830396 0.3358427271686885 0.3106558637560083 0.2966427171549554 0.14468574759670408 0.4108818880178531 0.17166757267109184 0.4500818980315862
0 0.2614025524941673 0.3315199352849683 0.23954404371736468 0.29723207838017995 0.06949349377846906 0.40563930396622594 0.09135200255527165 0.43992716087101436
0 1.0013261658329493 0.31339926281840325 0.7802340099058777 0.2990192851971303 0.7699472001908774 0.4571789845652604 0.9910393561179489 0.47155896218653337
0 0.20156250000000003 0.42500000000000004 0.1620900371287127 0.3767558787128712 -0.02756806930693076 0.5319306930693071 0.011904393564356575 0.5801748143564359
0 0.3092650937866354 0.4462137309495897 0.26162075029308324 0.3853348475967175 0.02842724208675257 0.5678341148886283 0.07607158558030475 0.6287129982415006
0 0.43547952586206895 0.46408943965517246 0.3692780172413793 0.38585129310344835 0.12496767241379317 0.5925754310344828 0.1911691810344828 0.670813577586207
0 0.579422923322684 0.47307308306709295 0.47740615015974486 0.37890375399361037 0.2498901757188498 0.6253793929712459 0.3519069488817889 0.7195487220447285
0 0.7421874999999999 0.4625000000000001 0.5596875 0.3712500000000001 0.4125000000000001 0.6656250000000001 0.595 0.7568750000000001
0 0.9706007405640168 0.4782733197327933 0.6887871012347603 0.4208335970669575 0.6277229482335527 0.7204295977291318 0.9095365875628092 0.7778693203949676