0 0.3665894670050761 0.2514974619289341 0.347505076142132 0.22186643401015238 0.21192861675126903 0.30918686548223356 0.23101300761421317 0.33881789340101526
0 0.25933789494868187 0.3288249647816463 0.23639439525055345 0.2916192895954921 0.06145980076474139 0.39949562286174284 0.08440330046286984 0.43670129804789704
0 0.2169042103142627 0.4296673549556809 0.17913225221595486 0.3748980157131346 -0.029210314262691328 0.5185825443190974 0.008561643835616528 0.5733518835616438
0 0.31614264975550127 0.4462885849633253 0.268570446210269 0.3819261919315404 0.030846959046454736 0.5576348563569682 0.07841916259168702 0.6219972493887531
0 0.34881913979132084 0.31993864121413335 0.31911700409058574 0.27790731710931943 0.1375 0.40624999999999994 0.16720213570073514 0.44828132410481386
0 0.44300235791278786 0.3313496754042137 0.4075546607055365 0.28208338437040675 0.2328125 0.40781250000000013 0.2682601972072514 0.45707879103380705
0 0.44309179629785966 0.4568392766684959 0.3757609676432098 0.37806220714255556 0.1305164052935962 0.5876729441935075 0.19784723394824605 0.6664500137194478
0 0.4365666946308725 0.2558095637583892 0.41036073825503355 0.2183724832214765 0.28651426174496647 0.3050650167785235 0.3127202181208054 0.3425020973154362
0 0.557051565308568 0.3238443678849612 0.5052321749550629 0.26607849011384066 0.33744757339724385 0.4165911473936489 0.389266963750749 0.4743570251647694
0 0.5977239096975456 0.47072381673002234 0.4995319989050491 0.3743011295554086 0.2601430796008594 0.6180825060945376 0.358334990393356 0.7145051932691513
0 0.6905836913417053 0.335084476206213 0.6197878800396563 0.26166659781890295 0.45031084765366813 0.42509087904824855 0.5211066589557171 0.4985087574355586
0 0.797835016415548 0.4885898201618106 0.6423753810752185 0.37050028947059865 0.42276127469660557 0.6596125307791523 0.5782209100369351 0.7777020614703641
0 0.5403365786176654 0.24277706723741915 0.508147577782418 0.2006248042388809 0.36787331645437465 0.30774333107120494 0.40006231728962205 0.3498955940697432
0 0.6440167682926828 0.2413490853658537 0.6036204268292682 0.19085365853658537 0.4624237804878048 0.30381097560975606 0.5028201219512194 0.3543064024390244
0 0.767551959367562 0.2948736611696702 0.7603079309758586 0.21663815453927235 0.5737132352941178 0.23391544117647056 0.5809572636858212 0.3121509478068684
0 0.8964196880269815 0.29931597807757165 0.8953125000000001 0.21406250000000004 0.7067079468802698 0.21651190978077572 0.7078151349072512 0.30176538785834733
0 0.8421875 0.30468750000000006 0.6205504441624365 0.2888562817258884 0.6098429568527919 0.4387611040609138 0.8314800126903553 0.45459232233502544
0 0.9957649992861731 0.4762107172175032 0.7130159629523878 0.40736747358840747 0.6377456010421871 0.7165136028624455 0.9204946373759725 0.7853568464915411