0 0.3909438113098673 0.28241236295441424 0.389156448355453 0.24085617426428155 0.1765625 0.24999999999999992 0.17834986295441432 0.29155618869013267
0 0.20797898168701442 0.2956194506104329 0.2063991398446171 0.24822419533851273 -0.0007665094339622675 0.25512971698113207 0.0008133324084350739 0.30252497225305225
0 0.5078125 0.23125000000000007 0.5064923723047938 0.2084777972576931 0.35625 0.21718750000000003 0.35757012769520624 0.239959702742307
0 0.4965891768292683 0.5614900914634148 0.4725038109756098 0.3447217987804878 -0.008879573170731708 0.39820884146341456 0.015205792682926808 0.6149771341463416
0 0.16612617924528303 0.3802771226415095 0.16269162735849058 0.301282429245283 -0.003434551886792446 0.30850530660377357 3.469446951953614e-18 0.38750000000000007
0 0.41148727027931603 0.35692794225034996 0.4075723201789083 0.28534028327146593 0.10756623486277611 0.3017468660621919 0.11148118496318384 0.37333452504107595
0 0.6206216770048739 0.3328068232166594 0.6165229009747454 0.2707396433318565 0.3390625 0.2890625 0.34316127603012847 0.35112967988480287
0 0.5485935765815761 0.2734322974472808 0.5472565205327415 0.23332061598224196 0.3511723085460599 0.23985675638179801 0.35250936459489457 0.2799684378468369
0 0.6845465384116273 0.26448262717363097 0.682665698806125 0.22561194199325202 0.4856722845834415 0.2351438813911238 0.48755312418894375 0.27401456657150275
0 0.7908727810650886 0.31765532544378705 0.7868380177514792 0.25915125739644973 0.5280473372781065 0.2769988905325444 0.5320821005917159 0.33550295857988166
0 0.8140625 0.2546875 0.8113960798816569 0.21602440828402358 0.6290735946745561 0.22859837278106507 0.6317400147928993 0.26726146449704147
0 0.9390625000000001 0.30000000000000016 0.7070312500000002 0.22265624999999997 0.6906250000000002 0.27187500000000003 0.9226562500000001 0.34921875000000024
0 0.8160882472854136 0.5083654163742208 0.7993150958878661 0.3226626687585153 0.2890625 0.36874999999999997 0.3058356513975476 0.5544527476157056
0 1.0093010355029584 0.42549001479289944 0.598576183431953 0.25435465976331323 0.5545210798816569 0.36008690828402334 0.9652459319526624 0.5312222633136096
0 0.5140625000000001 0.6140625 7.692312707144312e-17 0.6140625 1.0045930774255631e-16 0.9984375 0.5140625000000002 0.9984375
0 0.9984375000000001 0.5296875000000001 0.21406250000000004 0.5296875 0.21406250000000007 0.9984375000000001 0.9984375000000002 0.9984375000000002
0 0.915625 0.2203125000000001 0.740625 0.2203125000000001 0.740625 0.2546875000000001 0.915625 0.2546875000000001