0 0.91875 0.5281250000000001 0.3158696750696007 0.28295366786163767 0.16406249999999997 0.6562500000000001 0.7669428249303993 0.9014213321383625
0 0.5712182277769976 0.5374687105041427 0.5155774294340683 0.31611509970509766 -0.033522152787529846 0.4541401313017835 0.022118645555399497 0.6754937421008285
0 0.2822460391425908 0.3804461789375582 0.25817946178937545 0.270427539608574 -0.024066577353215324 0.33216886067101586 1.3877787807814457e-17 0.44218750000000007
0 0.9937987159136676 0.402917698239712 0.6264822075860599 0.31659831878272415 0.5974336042076335 0.440209396988794 0.9647501125352412 0.5265287764457819
0 0.7359375000000001 0.3484375000000002 0.3501133763534128 0.25963670963689656 0.32399438072022496 0.3731192423879884 0.7098185043668124 0.46192003275109195
0 0.5302084775856613 0.329146739237952 0.5163061594919681 0.2418401816095592 0.0921875 0.30937499999999996 0.10608981809369311 0.3966815576283928
0 1.0114469746874475 0.33288976215170724 0.7845200636317766 0.2878508332398947 0.7715105889443292 0.35339857108818756 0.9984375000000001 0.3984375000000001
0 0.8317293765743075 0.30011177581864 0.5698559508816123 0.25845009445843836 0.5607092254408063 0.31594379722921917 0.8225826511335015 0.3576054785894208
0 0.6625000000000001 0.2718750000000001 0.4087060456508328 0.21707857803824812 0.3964391193707588 0.27389381554595943 0.650233073719926 0.3286902375077114
0 0.4937768240343347 0.2288626609442059 0.21205472103004291 0.20400482832618042 0.20797076180257515 0.2502896995708156 0.48969286480686697 0.27514753218884114
0 0.3176680047273616 0.2829119630776755 0.310452919960877 0.22186124582280548 -0.003556218925747815 0.25897141678213387 0.0036588658407368246 0.3200221340370039