0 0.9656250000000001 0.5953125000000002 0.7411912883361507 0.4631862020043469 0.6771223738227482 0.5720155910408115 0.9015560854865976 0.7041418890364648
0 0.6578598215555241 0.5733741824257073 0.4453765951585384 0.4145709290132234 0.34362736385610704 0.5507142666714063 0.5561105902530927 0.7095175200838902
0 0.8783774038461539 0.6996754807692309 0.6329326923076923 0.5087740384615385 0.5036177884615385 0.6750360576923078 0.7490625000000001 0.8659375000000001
0 0.7768750000000004 0.5040624999999992 0.5687499999999992 0.4000000000000004 0.5218749999999996 0.49375000000000113 0.730000000000001 0.5978125
0 0.8561916885676741 0.4546008541392905 0.6787239241130093 0.37148304040735886 0.6472043363994744 0.4387816195795008 0.8246721008541392 0.5218994333114324
0 1.0149186643835617 0.5199914383561645 0.822677654109589 0.4326091609589042 0.7885380993150685 0.5077161815068495 0.980779109589041 0.5950984589041097
0 0.9081772625602204 0.42409949242945644 0.7523724621472816 0.36098868719889887 0.7359375 0.4015625000000001 0.8917423004129388 0.4646733052305576
0 0.9727517720023627 0.3990244757826346 0.8221707951860603 0.3470055928824573 0.8103256054341406 0.38129430005906684 0.960906582250443 0.43331318295924415
0 0.2901182432432432 0.6110219594594595 0.24864864864864866 0.36220439189189196 -0.041469594594594525 0.41055743243243237 0 0.6593749999999999
0 0.4770645306859206 0.5113718411552347 0.4527386055956679 0.3994725857400722 0.18041798285198554 0.4586727211191336 0.20474390794223823 0.570571976534296
0 0.3649766459074733 0.42594973309608547 0.3523587633451957 0.3481394572953737 0.1 0.3890625 0.11261788256227757 0.46687277580071174
0 0.6113039950760966 0.45499244628469127 0.5916486683079676 0.365315017905103 0.37524647493285584 0.4127456356311549 0.39490180170098477 0.5024230640107431
0 0.4978566644340254 0.3881415354989952 0.48549794876088403 0.32105136470194234 0.28593749999999996 0.3578124999999999 0.2982962156731413 0.4249026707970528
0 0.6025449244582359 0.36266850646047416 0.5941060891240209 0.30753478227693565 0.41875000000000007 0.33437500000000003 0.42718883533421514 0.38950872418353855
0 0.7072066658004159 0.396483562889813 0.5314205431392931 0.3298060680873182 0.5061038201663202 0.3965501559251561 0.681889942827443 0.46322765072765093
0 0.7792564655172414 0.3713900862068967 0.6302801724137931 0.3117995689655173 0.610021551724138 0.3624461206896552 0.7589978448275863 0.42203663793103463
0 0.8484337040692377 0.3487307356513818 0.7191727717886425 0.29507525432736115 0.7015625 0.3375 0.8308234322805952 0.39115548132402067
0 0.2605475825929441 0.3667055281204175 0.2536560316570345 0.3052558656085569 0.021009714914172337 0.3313470413180367 0.02790126585008192 0.39279670382989734
0 0.3913713924365566 0.3385597217614861 0.38466941034997515 0.2869544596948084 0.1949911365898159 0.3115880017415823 0.20169311867639741 0.36319326380826
0 0.4971321706798866 0.31935508144475916 0.4924690155807364 0.2800513456090651 0.33749999999999997 0.2984375 0.3421631550991502 0.3377412358356941
0 0.18343216366102777 0.3207281858442388 0.1804398240504309 0.2734492199968082 -0.0021357823970635063 0.2850046381263964 0.000856557213533355 0.332283603973827
0 0.30521412957074723 0.30033286963434025 0.3020593203497615 0.26089775437201906 0.1343203497615262 0.2743168720190779 0.13747515898251192 0.3137519872813991