0 0.23298938679245285 0.4412441037735849 0.15232900943396227 0.1589327830188679 0.040683962264150914 0.19083136792452832 0.12134433962264152 0.4731426886792453
0 0.36623370757948825 0.4635830946900761 0.2839181765870891 0.18708733674124828 0.17725760424472753 0.21884124759126433 0.2595731352371266 0.49533700554009213
0 0.30156249999999996 0.690625 0.2270453755381157 0.39814528648710423 0.10937499999999999 0.428125 0.18389212446188424 0.7206047135128958
0 0.4385690514315759 0.7081680787247264 0.35553645260742794 0.4196297978108121 0.24377121074518426 0.4517924573395153 0.32680380956933225 0.7403307382534297
0 0.5729993275789325 0.7310281669713804 0.4836365454257787 0.43996081938682235 0.37214715473595383 0.47419001828282126 0.46150993688910763 0.7652573658673792
0 0.4950788060954695 0.4876830025368014 0.41111313330713156 0.21659383039159635 0.30689659407603254 0.2488732894454766 0.3908622668643704 0.5199624615906816
0 0.6203125 0.5109374999999999 0.5374717591786072 0.23793960411131915 0.4359374999999999 0.26875 0.5187782408213928 0.5417478958886808
0 0.7037940814843795 0.751353532107528 0.6078340691890685 0.46118873302408764 0.5024325155088583 0.49604593975297606 0.5983925278041693 0.7862107388364165
0 0.7473437500000002 0.53265625 0.6554687500000002 0.25703125 0.55796875 0.2895312500000001 0.64984375 0.5651562500000002
0 0.8302567435814106 0.7676170986350341 0.7443664689632759 0.48754011618459536 0.6375 0.5203125 0.7233902746181347 0.8003894824504387
0 0.8753172187183501 0.5524623653438909 0.7786536259322345 0.27825339805266547 0.6816081478455022 0.3124636745005064 0.7782717406316177 0.5866726417917318
0 0.961436958860918 0.7920081108302888 0.866671150092588 0.5098165913868173 0.7608991041489415 0.5453370545768479 0.8556649129172713 0.8275285740203193